labfit_data.txt                         
 
           ATTENTION: ANY IMPROPER ALTERATION INVALIDATES THE FILE
 
         390 <=== NUMBER OF EXPERIMENTAL POINTS
           1 <=== NUMBER OF INDEPENDENT VARIABLES
           3 <=== NUMBER OF PARAMETERS OF FIT FUNCTION
  
                              x(1,i)
0.7297916E+02   0.7323583E+02   0.7341833E+02   0.7380917E+02
0.7454467E+02   0.7585200E+02   0.7689917E+02   0.7875083E+02
0.7887534E+02   0.7890556E+02   0.8056000E+02   0.8142333E+02
0.8248133E+02   0.8379556E+02   0.8506111E+02   0.8537556E+02
0.8691133E+02   0.8831667E+02   0.8893667E+02   0.8906267E+02
0.9018166E+02   0.9157750E+02   0.9232667E+02   0.9457222E+02
0.9487600E+02   0.9513084E+02   0.9554500E+02   0.9611333E+02
0.9741333E+02   0.9832000E+02   0.9987444E+02   0.1004308E+03
0.1010083E+03   0.1025175E+03   0.1027758E+03   0.1053300E+03
0.1055089E+03   0.1068847E+03   0.1071467E+03   0.1074475E+03
0.1077811E+03   0.1090222E+03   0.1092793E+03   0.1100975E+03
0.1111383E+03   0.1125892E+03   0.1126292E+03   0.1128520E+03
0.1138617E+03   0.1139958E+03   0.1152200E+03   0.1158733E+03
0.1160050E+03   0.1167158E+03   0.1180222E+03   0.1180411E+03
0.1182093E+03   0.1185075E+03   0.1188167E+03   0.1202122E+03
0.1213067E+03   0.1213133E+03   0.1219456E+03   0.1228892E+03
0.1243073E+03   0.1255500E+03   0.1255617E+03   0.1260620E+03
0.1266661E+03   0.1272811E+03   0.1275740E+03   0.1285060E+03
0.1288292E+03   0.1289989E+03   0.1298000E+03   0.1304350E+03
0.1309511E+03   0.1321275E+03   0.1325956E+03   0.1340800E+03
0.1341092E+03   0.1341100E+03   0.1342144E+03   0.1349407E+03
0.1351283E+03   0.1354217E+03   0.1359467E+03   0.1362711E+03
0.1378040E+03   0.1381980E+03   0.1383800E+03   0.1387500E+03
0.1392407E+03   0.1398144E+03   0.1408200E+03   0.1408467E+03
0.1408953E+03   0.1410333E+03   0.1412825E+03   0.1413525E+03
0.1429700E+03   0.1431367E+03   0.1432067E+03   0.1439855E+03
0.1447153E+03   0.1447622E+03   0.1451927E+03   0.1453656E+03
0.1456540E+03   0.1457944E+03   0.1470822E+03   0.1472567E+03
0.1477100E+03   0.1486950E+03   0.1487107E+03   0.1491600E+03
0.1496842E+03   0.1499433E+03   0.1505225E+03   0.1506550E+03
0.1514825E+03   0.1517775E+03   0.1521653E+03   0.1527447E+03
0.1535100E+03   0.1536442E+03   0.1537056E+03   0.1537733E+03
0.1537780E+03   0.1538167E+03   0.1547293E+03   0.1553083E+03
0.1554973E+03   0.1557000E+03   0.1557687E+03   0.1558175E+03
0.1559540E+03   0.1562550E+03   0.1567883E+03   0.1571217E+03
0.1573389E+03   0.1574487E+03   0.1577527E+03   0.1578187E+03
0.1578340E+03   0.1580392E+03   0.1582225E+03   0.1583708E+03
0.1586283E+03   0.1586711E+03   0.1586847E+03   0.1594217E+03
0.1596700E+03   0.1599775E+03   0.1603433E+03   0.1607613E+03
0.1611333E+03   0.1612167E+03   0.1612907E+03   0.1621500E+03
0.1622753E+03   0.1624113E+03   0.1637350E+03   0.1640658E+03
0.1641322E+03   0.1653160E+03   0.1657667E+03   0.1658125E+03
0.1659667E+03   0.1667800E+03   0.1671180E+03   0.1671892E+03
0.1674167E+03   0.1675358E+03   0.1677083E+03   0.1678167E+03
0.1682775E+03   0.1687193E+03   0.1689150E+03   0.1693883E+03
0.1695833E+03   0.1697275E+03   0.1698317E+03   0.1701967E+03
0.1703447E+03   0.1705433E+03   0.1706522E+03   0.1707308E+03
0.1707508E+03   0.1707678E+03   0.1711800E+03   0.1712456E+03
0.1712878E+03   0.1713980E+03   0.1715842E+03   0.1719008E+03
0.1719525E+03   0.1723540E+03   0.1724967E+03   0.1725933E+03
0.1725933E+03   0.1727583E+03   0.1731280E+03   0.1733225E+03
0.1734489E+03   0.1734725E+03   0.1739650E+03   0.1740927E+03
0.1742317E+03   0.1743347E+03   0.1750167E+03   0.1752133E+03
0.1753378E+03   0.1755317E+03   0.1760980E+03   0.1765340E+03
0.1768067E+03   0.1768883E+03   0.1771953E+03   0.1774842E+03
0.1777044E+03   0.1778483E+03   0.1779692E+03   0.1780733E+03
0.1781017E+03   0.1785275E+03   0.1787750E+03   0.1789327E+03
0.1790442E+03   0.1794975E+03   0.1796900E+03   0.1799767E+03
0.1802522E+03   0.1804887E+03   0.1805953E+03   0.1806117E+03
0.1806583E+03   0.1807156E+03   0.1808956E+03   0.1810142E+03
0.1813775E+03   0.1814850E+03   0.1815325E+03   0.1817225E+03
0.1820700E+03   0.1821211E+03   0.1822075E+03   0.1822767E+03
0.1828400E+03   0.1830525E+03   0.1834225E+03   0.1834789E+03
0.1836711E+03   0.1838758E+03   0.1840367E+03   0.1840778E+03
0.1841367E+03   0.1841558E+03   0.1842993E+03   0.1844833E+03
0.1846993E+03   0.1847553E+03   0.1849200E+03   0.1849400E+03
0.1850400E+03   0.1852920E+03   0.1854792E+03   0.1855058E+03
0.1855378E+03   0.1856667E+03   0.1859167E+03   0.1860158E+03
0.1864400E+03   0.1865767E+03   0.1869067E+03   0.1872650E+03
0.1874417E+03   0.1876683E+03   0.1880200E+03   0.1880650E+03
0.1880850E+03   0.1882633E+03   0.1883267E+03   0.1883300E+03
0.1886267E+03   0.1886633E+03   0.1887467E+03   0.1889083E+03
0.1889883E+03   0.1890117E+03   0.1891450E+03   0.1892511E+03
0.1892633E+03   0.1893617E+03   0.1894756E+03   0.1894917E+03
0.1895933E+03   0.1897200E+03   0.1898567E+03   0.1898983E+03
0.1899033E+03   0.1902333E+03   0.1903383E+03   0.1903583E+03
0.1904250E+03   0.1905656E+03   0.1906483E+03   0.1907833E+03
0.1908033E+03   0.1908067E+03   0.1910200E+03   0.1910283E+03
0.1910400E+03   0.1913167E+03   0.1914033E+03   0.1915217E+03
0.1915883E+03   0.1917800E+03   0.1918383E+03   0.1919000E+03
0.1919117E+03   0.1921100E+03   0.1922400E+03   0.1925233E+03
0.1926122E+03   0.1926217E+03   0.1926833E+03   0.1927317E+03
0.1927400E+03   0.1928117E+03   0.1929867E+03   0.1930000E+03
0.1930689E+03   0.1932000E+03   0.1934083E+03   0.1935900E+03
0.1936333E+03   0.1937250E+03   0.1937767E+03   0.1937900E+03
0.1939400E+03   0.1940100E+03   0.1945600E+03   0.1946033E+03
0.1946233E+03   0.1947000E+03   0.1947633E+03   0.1956300E+03
0.1956700E+03   0.1957100E+03   0.1957117E+03   0.1960167E+03
0.1960550E+03   0.1960767E+03   0.1964033E+03   0.1964933E+03
0.1965767E+03   0.1966300E+03   0.1966450E+03   0.1968117E+03
0.1968300E+03   0.1969050E+03   0.1969617E+03   0.1973633E+03
0.1974233E+03   0.1975233E+03   0.1976333E+03   0.1978817E+03
0.1979400E+03   0.1980022E+03   0.1980600E+03   0.1982317E+03
0.1982867E+03   0.1984567E+03   0.1985267E+03   0.1987900E+03
0.1988150E+03   0.1994133E+03   0.1994167E+03   0.1994467E+03
0.1999967E+03   0.2000467E+03   0.2001467E+03   0.2004467E+03
0.2015600E+03   0.2015833E+03   0.2021883E+03   0.2027900E+03
0.2032033E+03   0.2044811E+03
  
                              sigmax(1,i)
0.0000000E+00   0.0000000E+00   0.0000000E+00   0.0000000E+00
0.0000000E+00   0.0000000E+00   0.0000000E+00   0.0000000E+00
0.0000000E+00   0.0000000E+00   0.0000000E+00   0.0000000E+00
0.0000000E+00   0.0000000E+00   0.0000000E+00   0.0000000E+00
0.0000000E+00   0.0000000E+00   0.0000000E+00   0.0000000E+00
0.0000000E+00   0.0000000E+00   0.0000000E+00   0.0000000E+00
0.0000000E+00   0.0000000E+00   0.0000000E+00   0.0000000E+00
0.0000000E+00   0.0000000E+00   0.0000000E+00   0.0000000E+00
0.0000000E+00   0.0000000E+00   0.0000000E+00   0.0000000E+00
0.0000000E+00   0.0000000E+00   0.0000000E+00   0.0000000E+00
0.0000000E+00   0.0000000E+00   0.0000000E+00   0.0000000E+00
0.0000000E+00   0.0000000E+00   0.0000000E+00   0.0000000E+00
0.0000000E+00   0.0000000E+00   0.0000000E+00   0.0000000E+00
0.0000000E+00   0.0000000E+00   0.0000000E+00   0.0000000E+00
0.0000000E+00   0.0000000E+00   0.0000000E+00   0.0000000E+00
0.0000000E+00   0.0000000E+00   0.0000000E+00   0.0000000E+00
0.0000000E+00   0.0000000E+00   0.0000000E+00   0.0000000E+00
0.0000000E+00   0.0000000E+00   0.0000000E+00   0.0000000E+00
0.0000000E+00   0.0000000E+00   0.0000000E+00   0.0000000E+00
0.0000000E+00   0.0000000E+00   0.0000000E+00   0.0000000E+00
0.0000000E+00   0.0000000E+00   0.0000000E+00   0.0000000E+00
0.0000000E+00   0.0000000E+00   0.0000000E+00   0.0000000E+00
0.0000000E+00   0.0000000E+00   0.0000000E+00   0.0000000E+00
0.0000000E+00   0.0000000E+00   0.0000000E+00   0.0000000E+00
0.0000000E+00   0.0000000E+00   0.0000000E+00   0.0000000E+00
0.0000000E+00   0.0000000E+00   0.0000000E+00   0.0000000E+00
0.0000000E+00   0.0000000E+00   0.0000000E+00   0.0000000E+00
0.0000000E+00   0.0000000E+00   0.0000000E+00   0.0000000E+00
0.0000000E+00   0.0000000E+00   0.0000000E+00   0.0000000E+00
0.0000000E+00   0.0000000E+00   0.0000000E+00   0.0000000E+00
0.0000000E+00   0.0000000E+00   0.0000000E+00   0.0000000E+00
0.0000000E+00   0.0000000E+00   0.0000000E+00   0.0000000E+00
0.0000000E+00   0.0000000E+00   0.0000000E+00   0.0000000E+00
0.0000000E+00   0.0000000E+00   0.0000000E+00   0.0000000E+00
0.0000000E+00   0.0000000E+00   0.0000000E+00   0.0000000E+00
0.0000000E+00   0.0000000E+00   0.0000000E+00   0.0000000E+00
0.0000000E+00   0.0000000E+00   0.0000000E+00   0.0000000E+00
0.0000000E+00   0.0000000E+00   0.0000000E+00   0.0000000E+00
0.0000000E+00   0.0000000E+00   0.0000000E+00   0.0000000E+00
0.0000000E+00   0.0000000E+00   0.0000000E+00   0.0000000E+00
0.0000000E+00   0.0000000E+00   0.0000000E+00   0.0000000E+00
0.0000000E+00   0.0000000E+00   0.0000000E+00   0.0000000E+00
0.0000000E+00   0.0000000E+00   0.0000000E+00   0.0000000E+00
0.0000000E+00   0.0000000E+00   0.0000000E+00   0.0000000E+00
0.0000000E+00   0.0000000E+00   0.0000000E+00   0.0000000E+00
0.0000000E+00   0.0000000E+00   0.0000000E+00   0.0000000E+00
0.0000000E+00   0.0000000E+00   0.0000000E+00   0.0000000E+00
0.0000000E+00   0.0000000E+00   0.0000000E+00   0.0000000E+00
0.0000000E+00   0.0000000E+00   0.0000000E+00   0.0000000E+00
0.0000000E+00   0.0000000E+00   0.0000000E+00   0.0000000E+00
0.0000000E+00   0.0000000E+00   0.0000000E+00   0.0000000E+00
0.0000000E+00   0.0000000E+00   0.0000000E+00   0.0000000E+00
0.0000000E+00   0.0000000E+00   0.0000000E+00   0.0000000E+00
0.0000000E+00   0.0000000E+00   0.0000000E+00   0.0000000E+00
0.0000000E+00   0.0000000E+00   0.0000000E+00   0.0000000E+00
0.0000000E+00   0.0000000E+00   0.0000000E+00   0.0000000E+00
0.0000000E+00   0.0000000E+00   0.0000000E+00   0.0000000E+00
0.0000000E+00   0.0000000E+00   0.0000000E+00   0.0000000E+00
0.0000000E+00   0.0000000E+00   0.0000000E+00   0.0000000E+00
0.0000000E+00   0.0000000E+00   0.0000000E+00   0.0000000E+00
0.0000000E+00   0.0000000E+00   0.0000000E+00   0.0000000E+00
0.0000000E+00   0.0000000E+00   0.0000000E+00   0.0000000E+00
0.0000000E+00   0.0000000E+00   0.0000000E+00   0.0000000E+00
0.0000000E+00   0.0000000E+00   0.0000000E+00   0.0000000E+00
0.0000000E+00   0.0000000E+00   0.0000000E+00   0.0000000E+00
0.0000000E+00   0.0000000E+00   0.0000000E+00   0.0000000E+00
0.0000000E+00   0.0000000E+00   0.0000000E+00   0.0000000E+00
0.0000000E+00   0.0000000E+00   0.0000000E+00   0.0000000E+00
0.0000000E+00   0.0000000E+00   0.0000000E+00   0.0000000E+00
0.0000000E+00   0.0000000E+00   0.0000000E+00   0.0000000E+00
0.0000000E+00   0.0000000E+00   0.0000000E+00   0.0000000E+00
0.0000000E+00   0.0000000E+00   0.0000000E+00   0.0000000E+00
0.0000000E+00   0.0000000E+00   0.0000000E+00   0.0000000E+00
0.0000000E+00   0.0000000E+00   0.0000000E+00   0.0000000E+00
0.0000000E+00   0.0000000E+00   0.0000000E+00   0.0000000E+00
0.0000000E+00   0.0000000E+00   0.0000000E+00   0.0000000E+00
0.0000000E+00   0.0000000E+00   0.0000000E+00   0.0000000E+00
0.0000000E+00   0.0000000E+00   0.0000000E+00   0.0000000E+00
0.0000000E+00   0.0000000E+00   0.0000000E+00   0.0000000E+00
0.0000000E+00   0.0000000E+00   0.0000000E+00   0.0000000E+00
0.0000000E+00   0.0000000E+00   0.0000000E+00   0.0000000E+00
0.0000000E+00   0.0000000E+00   0.0000000E+00   0.0000000E+00
0.0000000E+00   0.0000000E+00   0.0000000E+00   0.0000000E+00
0.0000000E+00   0.0000000E+00   0.0000000E+00   0.0000000E+00
0.0000000E+00   0.0000000E+00   0.0000000E+00   0.0000000E+00
0.0000000E+00   0.0000000E+00   0.0000000E+00   0.0000000E+00
0.0000000E+00   0.0000000E+00   0.0000000E+00   0.0000000E+00
0.0000000E+00   0.0000000E+00   0.0000000E+00   0.0000000E+00
0.0000000E+00   0.0000000E+00   0.0000000E+00   0.0000000E+00
0.0000000E+00   0.0000000E+00   0.0000000E+00   0.0000000E+00
0.0000000E+00   0.0000000E+00   0.0000000E+00   0.0000000E+00
0.0000000E+00   0.0000000E+00   0.0000000E+00   0.0000000E+00
0.0000000E+00   0.0000000E+00   0.0000000E+00   0.0000000E+00
0.0000000E+00   0.0000000E+00   0.0000000E+00   0.0000000E+00
0.0000000E+00   0.0000000E+00   0.0000000E+00   0.0000000E+00
0.0000000E+00   0.0000000E+00   0.0000000E+00   0.0000000E+00
0.0000000E+00   0.0000000E+00   0.0000000E+00   0.0000000E+00
0.0000000E+00   0.0000000E+00
  
                              y(i)
0.1508000E+05   0.1534000E+05   0.1521000E+05   0.1500000E+05
0.1547000E+05   0.1573000E+05   0.1560000E+05   0.1586000E+05
0.1612000E+05   0.1599000E+05   0.1625000E+05   0.1638000E+05
0.1651000E+05   0.1664000E+05   0.1677000E+05   0.1690000E+05
0.1703000E+05   0.1716000E+05   0.1729000E+05   0.1742000E+05
0.1755000E+05   0.1768000E+05   0.1781000E+05   0.1794000E+05
0.1807000E+05   0.1820000E+05   0.1833000E+05   0.1846000E+05
0.1859000E+05   0.1872000E+05   0.1885000E+05   0.1898000E+05
0.1911000E+05   0.1924000E+05   0.1937000E+05   0.1950000E+05
0.1963000E+05   0.1989000E+05   0.1976000E+05   0.2015000E+05
0.2002000E+05   0.2028000E+05   0.2041000E+05   0.2054000E+05
0.2067000E+05   0.2080000E+05   0.2093000E+05   0.2106000E+05
0.2132000E+05   0.2119000E+05   0.2158000E+05   0.2145000E+05
0.2171000E+05   0.2184000E+05   0.2223000E+05   0.2236000E+05
0.2197000E+05   0.2249000E+05   0.2210000E+05   0.2275000E+05
0.2262000E+05   0.2288000E+05   0.2314000E+05   0.2301000E+05
0.2340000E+05   0.2366000E+05   0.2327000E+05   0.2353000E+05
0.2379000E+05   0.2392000E+05   0.2405000E+05   0.2418000E+05
0.2431000E+05   0.2444000E+05   0.2457000E+05   0.2470000E+05
0.2483000E+05   0.2496000E+05   0.2509000E+05   0.2535000E+05
0.2548000E+05   0.2522000E+05   0.2561000E+05   0.2574000E+05
0.2600000E+05   0.2587000E+05   0.2613000E+05   0.2626000E+05
0.2665000E+05   0.2639000E+05   0.2678000E+05   0.2652000E+05
0.2691000E+05   0.2704000E+05   0.2730000E+05   0.2743000E+05
0.2717000E+05   0.2756000E+05   0.2769000E+05   0.2782000E+05
0.2795000E+05   0.2808000E+05   0.2821000E+05   0.2860000E+05
0.2847000E+05   0.2834000E+05   0.2873000E+05   0.2912000E+05
0.2925000E+05   0.2886000E+05   0.2899000E+05   0.2938000E+05
0.2951000E+05   0.2990000E+05   0.2964000E+05   0.2977000E+05
0.3029000E+05   0.3003000E+05   0.3042000E+05   0.3016000E+05
0.3055000E+05   0.3081000E+05   0.3068000E+05   0.3094000E+05
0.3172000E+05   0.3107000E+05   0.3159000E+05   0.3120000E+05
0.3146000E+05   0.3133000E+05   0.3185000E+05   0.3237000E+05
0.3198000E+05   0.3263000E+05   0.3211000E+05   0.3224000E+05
0.3250000E+05   0.3276000E+05   0.3289000E+05   0.3302000E+05
0.3315000E+05   0.3328000E+05   0.3354000E+05   0.3341000E+05
0.3367000E+05   0.3380000E+05   0.3393000E+05   0.3445000E+05
0.3419000E+05   0.3406000E+05   0.3458000E+05   0.3471000E+05
0.3432000E+05   0.3484000E+05   0.3523000E+05   0.3497000E+05
0.3549000E+05   0.3510000E+05   0.3536000E+05   0.3562000E+05
0.3575000E+05   0.3588000E+05   0.3601000E+05   0.3614000E+05
0.3627000E+05   0.3640000E+05   0.3666000E+05   0.3679000E+05
0.3653000E+05   0.3692000E+05   0.3731000E+05   0.3718000E+05
0.3705000E+05   0.3757000E+05   0.3796000E+05   0.3744000E+05
0.3770000E+05   0.3835000E+05   0.3783000E+05   0.3822000E+05
0.3900000E+05   0.3809000E+05   0.3861000E+05   0.3874000E+05
0.3848000E+05   0.3913000E+05   0.3926000E+05   0.3939000E+05
0.3991000E+05   0.3952000E+05   0.3965000E+05   0.3887000E+05
0.4030000E+05   0.4043000E+05   0.4017000E+05   0.4004000E+05
0.3978000E+05   0.4121000E+05   0.4108000E+05   0.4056000E+05
0.4069000E+05   0.4095000E+05   0.4134000E+05   0.4160000E+05
0.4147000E+05   0.4082000E+05   0.4186000E+05   0.4173000E+05
0.4212000E+05   0.4199000E+05   0.4238000E+05   0.4264000E+05
0.4251000E+05   0.4225000E+05   0.4277000E+05   0.4303000E+05
0.4316000E+05   0.4290000E+05   0.4329000E+05   0.4368000E+05
0.4355000E+05   0.4342000E+05   0.4394000E+05   0.4420000E+05
0.4407000E+05   0.4381000E+05   0.4472000E+05   0.4433000E+05
0.4446000E+05   0.4459000E+05   0.4485000E+05   0.4498000E+05
0.4511000E+05   0.4550000E+05   0.4563000E+05   0.4576000E+05
0.4537000E+05   0.4524000E+05   0.4602000E+05   0.4615000E+05
0.4680000E+05   0.4589000E+05   0.4628000E+05   0.4641000E+05
0.4693000E+05   0.4667000E+05   0.4654000E+05   0.4706000E+05
0.4719000E+05   0.4758000E+05   0.4771000E+05   0.4784000E+05
0.4862000E+05   0.4797000E+05   0.4732000E+05   0.4849000E+05
0.4810000E+05   0.4745000E+05   0.4836000E+05   0.4966000E+05
0.4875000E+05   0.4927000E+05   0.4901000E+05   0.4823000E+05
0.5018000E+05   0.4940000E+05   0.4953000E+05   0.4992000E+05
0.4888000E+05   0.4979000E+05   0.5031000E+05   0.4914000E+05
0.5083000E+05   0.5044000E+05   0.5174000E+05   0.5057000E+05
0.5005000E+05   0.5226000E+05   0.5200000E+05   0.5291000E+05
0.5161000E+05   0.5278000E+05   0.5252000E+05   0.5369000E+05
0.5135000E+05   0.5070000E+05   0.5356000E+05   0.5343000E+05
0.5096000E+05   0.5213000E+05   0.5421000E+05   0.5187000E+05
0.5382000E+05   0.5330000E+05   0.5460000E+05   0.5447000E+05
0.5239000E+05   0.5395000E+05   0.5317000E+05   0.5265000E+05
0.5434000E+05   0.5122000E+05   0.5408000E+05   0.5486000E+05
0.5512000E+05   0.5473000E+05   0.5304000E+05   0.5525000E+05
0.5148000E+05   0.5538000E+05   0.5499000E+05   0.5629000E+05
0.5551000E+05   0.5109000E+05   0.5564000E+05   0.5642000E+05
0.5603000E+05   0.5590000E+05   0.5655000E+05   0.5577000E+05
0.5811000E+05   0.5759000E+05   0.5707000E+05   0.5824000E+05
0.5668000E+05   0.5785000E+05   0.5733000E+05   0.5850000E+05
0.5889000E+05   0.5876000E+05   0.5694000E+05   0.5837000E+05
0.5681000E+05   0.5915000E+05   0.5616000E+05   0.5720000E+05
0.5863000E+05   0.5772000E+05   0.5941000E+05   0.5798000E+05
0.5746000E+05   0.5902000E+05   0.5967000E+05   0.5980000E+05
0.5993000E+05   0.5928000E+05   0.5954000E+05   0.6123000E+05
0.6019000E+05   0.6006000E+05   0.6097000E+05   0.6110000E+05
0.6136000E+05   0.6045000E+05   0.6032000E+05   0.6279000E+05
0.6175000E+05   0.6305000E+05   0.6214000E+05   0.6084000E+05
0.6253000E+05   0.6201000E+05   0.6227000E+05   0.6149000E+05
0.6058000E+05   0.6266000E+05   0.6188000E+05   0.6292000E+05
0.6370000E+05   0.6344000E+05   0.6383000E+05   0.6240000E+05
0.6162000E+05   0.6071000E+05   0.6331000E+05   0.6318000E+05
0.6487000E+05   0.6357000E+05   0.6435000E+05   0.6409000E+05
0.6396000E+05   0.6422000E+05   0.6448000E+05   0.6474000E+05
0.6526000E+05   0.6500000E+05   0.6513000E+05   0.6461000E+05
0.6552000E+05   0.6539000E+05
  
                              sigmay(i)
0.1000000E+01   0.1000000E+01   0.1000000E+01   0.1000000E+01
0.1000000E+01   0.1000000E+01   0.1000000E+01   0.1000000E+01
0.1000000E+01   0.1000000E+01   0.1000000E+01   0.1000000E+01
0.1000000E+01   0.1000000E+01   0.1000000E+01   0.1000000E+01
0.1000000E+01   0.1000000E+01   0.1000000E+01   0.1000000E+01
0.1000000E+01   0.1000000E+01   0.1000000E+01   0.1000000E+01
0.1000000E+01   0.1000000E+01   0.1000000E+01   0.1000000E+01
0.1000000E+01   0.1000000E+01   0.1000000E+01   0.1000000E+01
0.1000000E+01   0.1000000E+01   0.1000000E+01   0.1000000E+01
0.1000000E+01   0.1000000E+01   0.1000000E+01   0.1000000E+01
0.1000000E+01   0.1000000E+01   0.1000000E+01   0.1000000E+01
0.1000000E+01   0.1000000E+01   0.1000000E+01   0.1000000E+01
0.1000000E+01   0.1000000E+01   0.1000000E+01   0.1000000E+01
0.1000000E+01   0.1000000E+01   0.1000000E+01   0.1000000E+01
0.1000000E+01   0.1000000E+01   0.1000000E+01   0.1000000E+01
0.1000000E+01   0.1000000E+01   0.1000000E+01   0.1000000E+01
0.1000000E+01   0.1000000E+01   0.1000000E+01   0.1000000E+01
0.1000000E+01   0.1000000E+01   0.1000000E+01   0.1000000E+01
0.1000000E+01   0.1000000E+01   0.1000000E+01   0.1000000E+01
0.1000000E+01   0.1000000E+01   0.1000000E+01   0.1000000E+01
0.1000000E+01   0.1000000E+01   0.1000000E+01   0.1000000E+01
0.1000000E+01   0.1000000E+01   0.1000000E+01   0.1000000E+01
0.1000000E+01   0.1000000E+01   0.1000000E+01   0.1000000E+01
0.1000000E+01   0.1000000E+01   0.1000000E+01   0.1000000E+01
0.1000000E+01   0.1000000E+01   0.1000000E+01   0.1000000E+01
0.1000000E+01   0.1000000E+01   0.1000000E+01   0.1000000E+01
0.1000000E+01   0.1000000E+01   0.1000000E+01   0.1000000E+01
0.1000000E+01   0.1000000E+01   0.1000000E+01   0.1000000E+01
0.1000000E+01   0.1000000E+01   0.1000000E+01   0.1000000E+01
0.1000000E+01   0.1000000E+01   0.1000000E+01   0.1000000E+01
0.1000000E+01   0.1000000E+01   0.1000000E+01   0.1000000E+01
0.1000000E+01   0.1000000E+01   0.1000000E+01   0.1000000E+01
0.1000000E+01   0.1000000E+01   0.1000000E+01   0.1000000E+01
0.1000000E+01   0.1000000E+01   0.1000000E+01   0.1000000E+01
0.1000000E+01   0.1000000E+01   0.1000000E+01   0.1000000E+01
0.1000000E+01   0.1000000E+01   0.1000000E+01   0.1000000E+01
0.1000000E+01   0.1000000E+01   0.1000000E+01   0.1000000E+01
0.1000000E+01   0.1000000E+01   0.1000000E+01   0.1000000E+01
0.1000000E+01   0.1000000E+01   0.1000000E+01   0.1000000E+01
0.1000000E+01   0.1000000E+01   0.1000000E+01   0.1000000E+01
0.1000000E+01   0.1000000E+01   0.1000000E+01   0.1000000E+01
0.1000000E+01   0.1000000E+01   0.1000000E+01   0.1000000E+01
0.1000000E+01   0.1000000E+01   0.1000000E+01   0.1000000E+01
0.1000000E+01   0.1000000E+01   0.1000000E+01   0.1000000E+01
0.1000000E+01   0.1000000E+01   0.1000000E+01   0.1000000E+01
0.1000000E+01   0.1000000E+01   0.1000000E+01   0.1000000E+01
0.1000000E+01   0.1000000E+01   0.1000000E+01   0.1000000E+01
0.1000000E+01   0.1000000E+01   0.1000000E+01   0.1000000E+01
0.1000000E+01   0.1000000E+01   0.1000000E+01   0.1000000E+01
0.1000000E+01   0.1000000E+01   0.1000000E+01   0.1000000E+01
0.1000000E+01   0.1000000E+01   0.1000000E+01   0.1000000E+01
0.1000000E+01   0.1000000E+01   0.1000000E+01   0.1000000E+01
0.1000000E+01   0.1000000E+01   0.1000000E+01   0.1000000E+01
0.1000000E+01   0.1000000E+01   0.1000000E+01   0.1000000E+01
0.1000000E+01   0.1000000E+01   0.1000000E+01   0.1000000E+01
0.1000000E+01   0.1000000E+01   0.1000000E+01   0.1000000E+01
0.1000000E+01   0.1000000E+01   0.1000000E+01   0.1000000E+01
0.1000000E+01   0.1000000E+01   0.1000000E+01   0.1000000E+01
0.1000000E+01   0.1000000E+01   0.1000000E+01   0.1000000E+01
0.1000000E+01   0.1000000E+01   0.1000000E+01   0.1000000E+01
0.1000000E+01   0.1000000E+01   0.1000000E+01   0.1000000E+01
0.1000000E+01   0.1000000E+01   0.1000000E+01   0.1000000E+01
0.1000000E+01   0.1000000E+01   0.1000000E+01   0.1000000E+01
0.1000000E+01   0.1000000E+01   0.1000000E+01   0.1000000E+01
0.1000000E+01   0.1000000E+01   0.1000000E+01   0.1000000E+01
0.1000000E+01   0.1000000E+01   0.1000000E+01   0.1000000E+01
0.1000000E+01   0.1000000E+01   0.1000000E+01   0.1000000E+01
0.1000000E+01   0.1000000E+01   0.1000000E+01   0.1000000E+01
0.1000000E+01   0.1000000E+01   0.1000000E+01   0.1000000E+01
0.1000000E+01   0.1000000E+01   0.1000000E+01   0.1000000E+01
0.1000000E+01   0.1000000E+01   0.1000000E+01   0.1000000E+01
0.1000000E+01   0.1000000E+01   0.1000000E+01   0.1000000E+01
0.1000000E+01   0.1000000E+01   0.1000000E+01   0.1000000E+01
0.1000000E+01   0.1000000E+01   0.1000000E+01   0.1000000E+01
0.1000000E+01   0.1000000E+01   0.1000000E+01   0.1000000E+01
0.1000000E+01   0.1000000E+01   0.1000000E+01   0.1000000E+01
0.1000000E+01   0.1000000E+01   0.1000000E+01   0.1000000E+01
0.1000000E+01   0.1000000E+01   0.1000000E+01   0.1000000E+01
0.1000000E+01   0.1000000E+01   0.1000000E+01   0.1000000E+01
0.1000000E+01   0.1000000E+01   0.1000000E+01   0.1000000E+01
0.1000000E+01   0.1000000E+01   0.1000000E+01   0.1000000E+01
0.1000000E+01   0.1000000E+01   0.1000000E+01   0.1000000E+01
0.1000000E+01   0.1000000E+01   0.1000000E+01   0.1000000E+01
0.1000000E+01   0.1000000E+01   0.1000000E+01   0.1000000E+01
0.1000000E+01   0.1000000E+01   0.1000000E+01   0.1000000E+01
0.1000000E+01   0.1000000E+01   0.1000000E+01   0.1000000E+01
0.1000000E+01   0.1000000E+01   0.1000000E+01   0.1000000E+01
0.1000000E+01   0.1000000E+01   0.1000000E+01   0.1000000E+01
0.1000000E+01   0.1000000E+01   0.1000000E+01   0.1000000E+01
0.1000000E+01   0.1000000E+01   0.1000000E+01   0.1000000E+01
0.1000000E+01   0.1000000E+01   0.1000000E+01   0.1000000E+01
0.1000000E+01   0.1000000E+01   0.1000000E+01   0.1000000E+01
0.1000000E+01   0.1000000E+01   0.1000000E+01   0.1000000E+01
0.1000000E+01   0.1000000E+01   0.1000000E+01   0.1000000E+01
0.1000000E+01   0.1000000E+01   0.1000000E+01   0.1000000E+01
0.1000000E+01   0.1000000E+01   0.1000000E+01   0.1000000E+01
0.1000000E+01   0.1000000E+01   0.1000000E+01   0.1000000E+01
0.1000000E+01   0.1000000E+01
 
               INITIAL VALUES OF THE PARAMETERS
0.1500000E+01   0.1500000E+01   0.1500000E+01
 
         300 <=== MAXIMUM NUMBER OF ITERATIONS
0.100000E-05 <=== TOLERANCE OF THE PARAMETERS
 
           0 <=== 0 MEAN THAT THERE IS NOT, 1 THAT THERE ARE UNCERTAINTIES IN X
           0 <=== 0 MEAN THAT THERE IS NOT, 1 THAT THERE ARE UNCERTAINTIES IN Y
           0 <=== 0 MEAN THAT X IS NOT, 1 THAT IS ANGLE IN DEGREES
           1 <=== POWER
           0 <=== NUMBER OF THE FIT FUNCTION
 
                                                                            
 
 
    =====INFORMATION ABOUT THE VARIABLES X AND Y=====
 
 Correlation coefficient:  Rxy=0.945013E+00   (Unweighted)
 
 
 
 
 PARA GRAVAR AS RETIFICAÇÕES APERTE AS TECLAS ALT,
 DEPOIS A DA LETRA F (OU A) E FINALMENTE A DE S.
 PARA SAIR DESTE ARQUIVO APERTE AS TECLAS ALT, DEPOIS
 A DA LETRA F (OU A) E FINALMENTE A DE X (OU R)
 
             ARQUIVO 1: DADOS.DAD
 SOFTWARE DE AJUSTE DE CURVAS === "LAB Fit" ===
 AUTORES: WILTON E CLEIDE PEREIRA DA SILVA
 DF/CCT/CAMPUS II/UFPB - CAMPINA GRANDE, PB
